<?xml version="1.0"?>
<opencv_storage>
<CornersAmount>48</CornersAmount>
<Corner_0>
  315 305</Corner_0>
<Corner_1>
  324 310</Corner_1>
<Corner_2>
  333 315</Corner_2>
<Corner_3>
  343 320</Corner_3>
<Corner_4>
  352 325</Corner_4>
<Corner_5>
  362 329</Corner_5>
<Corner_6>
  373 335</Corner_6>
<Corner_7>
  384 341</Corner_7>
<Corner_8>
  306 309</Corner_8>
<Corner_9>
  313 314</Corner_9>
<Corner_10>
  323 319</Corner_10>
<Corner_11>
  332 325</Corner_11>
<Corner_12>
  343 330</Corner_12>
<Corner_13>
  352 335</Corner_13>
<Corner_14>
  362 341</Corner_14>
<Corner_15>
  372 346</Corner_15>
<Corner_16>
  295 313</Corner_16>
<Corner_17>
  302 318</Corner_17>
<Corner_18>
  311 324</Corner_18>
<Corner_19>
  320 329</Corner_19>
<Corner_20>
  330 336</Corner_20>
<Corner_21>
  340 341</Corner_21>
<Corner_22>
  351 347</Corner_22>
<Corner_23>
  362 353</Corner_23>
<Corner_24>
  283 319</Corner_24>
<Corner_25>
  291 324</Corner_25>
<Corner_26>
  300 329</Corner_26>
<Corner_27>
  310 334</Corner_27>
<Corner_28>
  319 341</Corner_28>
<Corner_29>
  330 346</Corner_29>
<Corner_30>
  340 351</Corner_30>
<Corner_31>
  351 359</Corner_31>
<Corner_32>
  273 322</Corner_32>
<Corner_33>
  281 329</Corner_33>
<Corner_34>
  289 335</Corner_34>
<Corner_35>
  298 338</Corner_35>
<Corner_36>
  309 346</Corner_36>
<Corner_37>
  318 352</Corner_37>
<Corner_38>
  328 358</Corner_38>
<Corner_39>
  338 364</Corner_39>
<Corner_40>
  261 327</Corner_40>
<Corner_41>
  268 334</Corner_41>
<Corner_42>
  278 340</Corner_42>
<Corner_43>
  286 345</Corner_43>
<Corner_44>
  296 350</Corner_44>
<Corner_45>
  306 357</Corner_45>
<Corner_46>
  316 365</Corner_46>
<Corner_47>
  327 372</Corner_47>
</opencv_storage>
