<?xml version="1.0"?>
<opencv_storage>
<CornersAmount>48</CornersAmount>
<Corner_0>
  356 301</Corner_0>
<Corner_1>
  367 304</Corner_1>
<Corner_2>
  376 307</Corner_2>
<Corner_3>
  386 309</Corner_3>
<Corner_4>
  396 311</Corner_4>
<Corner_5>
  407 314</Corner_5>
<Corner_6>
  418 317</Corner_6>
<Corner_7>
  430 320</Corner_7>
<Corner_8>
  349 304</Corner_8>
<Corner_9>
  358 307</Corner_9>
<Corner_10>
  368 310</Corner_10>
<Corner_11>
  377 313</Corner_11>
<Corner_12>
  389 316</Corner_12>
<Corner_13>
  399 318</Corner_13>
<Corner_14>
  410 321</Corner_14>
<Corner_15>
  420 323</Corner_15>
<Corner_16>
  340 307</Corner_16>
<Corner_17>
  351 309</Corner_17>
<Corner_18>
  360 313</Corner_18>
<Corner_19>
  369 316</Corner_19>
<Corner_20>
  380 319</Corner_20>
<Corner_21>
  391 322</Corner_21>
<Corner_22>
  402 324</Corner_22>
<Corner_23>
  414 327</Corner_23>
<Corner_24>
  332 310</Corner_24>
<Corner_25>
  341 314</Corner_25>
<Corner_26>
  351 316</Corner_26>
<Corner_27>
  360 319</Corner_27>
<Corner_28>
  371 323</Corner_28>
<Corner_29>
  381 325</Corner_29>
<Corner_30>
  394 328</Corner_30>
<Corner_31>
  404 331</Corner_31>
<Corner_32>
  324 313</Corner_32>
<Corner_33>
  332 317</Corner_33>
<Corner_34>
  342 319</Corner_34>
<Corner_35>
  352 323</Corner_35>
<Corner_36>
  363 325</Corner_36>
<Corner_37>
  374 329</Corner_37>
<Corner_38>
  385 331</Corner_38>
<Corner_39>
  397 336</Corner_39>
<Corner_40>
  314 316</Corner_40>
<Corner_41>
  323 320</Corner_41>
<Corner_42>
  333 324</Corner_42>
<Corner_43>
  343 325</Corner_43>
<Corner_44>
  353 329</Corner_44>
<Corner_45>
  364 332</Corner_45>
<Corner_46>
  376 337</Corner_46>
<Corner_47>
  388 339</Corner_47>
</opencv_storage>
