<?xml version="1.0"?>
<opencv_storage>
<CameraMatrix type_id="opencv-matrix">
  <rows>3</rows>
  <cols>3</cols>
  <dt>f</dt>
  <data>
    4.87372253e+02 0. 2.84419250e+02 0. 4.91277710e+02 2.18765961e+02 0.
    0. 1.</data></CameraMatrix>
<DistortionCoeffs type_id="opencv-matrix">
  <rows>5</rows>
  <cols>1</cols>
  <dt>f</dt>
  <data>
    -3.75935793e-01 2.39145026e-01 1.72105254e-04 5.77739906e-03
    -1.13697894e-01</data></DistortionCoeffs>
<RotationValues type_id="opencv-matrix">
  <rows>3</rows>
  <cols>1</cols>
  <dt>f</dt>
  <data>
    7.51688898e-01 1.94257534e+00 -1.71443450e+00</data></RotationValues>
<TranslationValues type_id="opencv-matrix">
  <rows>3</rows>
  <cols>1</cols>
  <dt>f</dt>
  <data>
    6.84440491e+02 7.77061401e+02 4.52440527e+03</data></TranslationValues>
</opencv_storage>
