<?xml version="1.0"?>
<opencv_storage>
<CameraMatrix type_id="opencv-matrix">
  <rows>3</rows>
  <cols>3</cols>
  <dt>f</dt>
  <data>
    4.87372253e+02 0. 2.84419250e+02 0. 4.91277710e+02 2.18765961e+02 0.
    0. 1.</data></CameraMatrix>
<DistortionCoeffs type_id="opencv-matrix">
  <rows>5</rows>
  <cols>1</cols>
  <dt>f</dt>
  <data>
    -3.75935793e-01 2.39145026e-01 1.72105254e-04 5.77739906e-03
    -1.13697894e-01</data></DistortionCoeffs>
</opencv_storage>
