<?xml version="1.0"?>
<opencv_storage>
<CornersAmount>48</CornersAmount>
<Corner_0>
  398 410</Corner_0>
<Corner_1>
  397 397</Corner_1>
<Corner_2>
  397 387</Corner_2>
<Corner_3>
  396 378</Corner_3>
<Corner_4>
  395 368</Corner_4>
<Corner_5>
  393 356</Corner_5>
<Corner_6>
  393 349</Corner_6>
<Corner_7>
  391 340</Corner_7>
<Corner_8>
  416 409</Corner_8>
<Corner_9>
  414 398</Corner_9>
<Corner_10>
  413 387</Corner_10>
<Corner_11>
  412 377</Corner_11>
<Corner_12>
  410 368</Corner_12>
<Corner_13>
  409 359</Corner_13>
<Corner_14>
  408 350</Corner_14>
<Corner_15>
  406 341</Corner_15>
<Corner_16>
  435 409</Corner_16>
<Corner_17>
  433 397</Corner_17>
<Corner_18>
  431 387</Corner_18>
<Corner_19>
  429 377</Corner_19>
<Corner_20>
  427 367</Corner_20>
<Corner_21>
  425 358</Corner_21>
<Corner_22>
  424 350</Corner_22>
<Corner_23>
  422 341</Corner_23>
<Corner_24>
  452 409</Corner_24>
<Corner_25>
  450 396</Corner_25>
<Corner_26>
  448 386</Corner_26>
<Corner_27>
  446 376</Corner_27>
<Corner_28>
  443 366</Corner_28>
<Corner_29>
  440 356</Corner_29>
<Corner_30>
  438 350</Corner_30>
<Corner_31>
  436 341</Corner_31>
<Corner_32>
  471 408</Corner_32>
<Corner_33>
  467 396</Corner_33>
<Corner_34>
  464 387</Corner_34>
<Corner_35>
  462 376</Corner_35>
<Corner_36>
  459 368</Corner_36>
<Corner_37>
  456 358</Corner_37>
<Corner_38>
  453 350</Corner_38>
<Corner_39>
  450 341</Corner_39>
<Corner_40>
  487 407</Corner_40>
<Corner_41>
  484 396</Corner_41>
<Corner_42>
  480 386</Corner_42>
<Corner_43>
  477 377</Corner_43>
<Corner_44>
  474 366</Corner_44>
<Corner_45>
  472 358</Corner_45>
<Corner_46>
  468 348</Corner_46>
<Corner_47>
  466 341</Corner_47>
</opencv_storage>
