<?xml version="1.0"?>
<opencv_storage>
<CornersAmount>48</CornersAmount>
<Corner_0>
  190 458</Corner_0>
<Corner_1>
  190 446</Corner_1>
<Corner_2>
  191 440</Corner_2>
<Corner_3>
  191 431</Corner_3>
<Corner_4>
  192 422</Corner_4>
<Corner_5>
  192 416</Corner_5>
<Corner_6>
  192 410</Corner_6>
<Corner_7>
  192 403</Corner_7>
<Corner_8>
  212 457</Corner_8>
<Corner_9>
  212 446</Corner_9>
<Corner_10>
  211 437</Corner_10>
<Corner_11>
  211 431</Corner_11>
<Corner_12>
  210 423</Corner_12>
<Corner_13>
  210 414</Corner_13>
<Corner_14>
  209 410</Corner_14>
<Corner_15>
  209 402</Corner_15>
<Corner_16>
  231 453</Corner_16>
<Corner_17>
  231 446</Corner_17>
<Corner_18>
  230 437</Corner_18>
<Corner_19>
  227 428</Corner_19>
<Corner_20>
  227 422</Corner_20>
<Corner_21>
  225 414</Corner_21>
<Corner_22>
  225 408</Corner_22>
<Corner_23>
  225 402</Corner_23>
<Corner_24>
  251 452</Corner_24>
<Corner_25>
  249 444</Corner_25>
<Corner_26>
  248 435</Corner_26>
<Corner_27>
  246 427</Corner_27>
<Corner_28>
  244 419</Corner_28>
<Corner_29>
  243 413</Corner_29>
<Corner_30>
  242 407</Corner_30>
<Corner_31>
  240 401</Corner_31>
<Corner_32>
  273 451</Corner_32>
<Corner_33>
  270 442</Corner_33>
<Corner_34>
  267 432</Corner_34>
<Corner_35>
  265 426</Corner_35>
<Corner_36>
  263 418</Corner_36>
<Corner_37>
  261 411</Corner_37>
<Corner_38>
  259 405</Corner_38>
<Corner_39>
  257 399</Corner_39>
<Corner_40>
  293 448</Corner_40>
<Corner_41>
  288 440</Corner_41>
<Corner_42>
  286 432</Corner_42>
<Corner_43>
  283 424</Corner_43>
<Corner_44>
  281 418</Corner_44>
<Corner_45>
  277 411</Corner_45>
<Corner_46>
  275 403</Corner_46>
<Corner_47>
  273 397</Corner_47>
</opencv_storage>
