<?xml version="1.0"?>
<opencv_storage>
<CameraMatrix type_id="opencv-matrix">
  <rows>3</rows>
  <cols>3</cols>
  <dt>f</dt>
  <data>
    5.48361755e+02 0. 3.25436584e+02 0. 5.45421753e+02 1.86113708e+02 0.
    0. 1.</data></CameraMatrix>
<DistortionCoeffs type_id="opencv-matrix">
  <rows>5</rows>
  <cols>1</cols>
  <dt>f</dt>
  <data>
    -3.63783985e-01 -6.09207451e-02 1.60921812e-02 -5.86308818e-03
    2.53663212e-01</data></DistortionCoeffs>
<RotationValues type_id="opencv-matrix">
  <rows>3</rows>
  <cols>1</cols>
  <dt>f</dt>
  <data>
    1.57925367e+00 -2.03921139e-01 1.39983490e-01</data></RotationValues>
<TranslationValues type_id="opencv-matrix">
  <rows>3</rows>
  <cols>1</cols>
  <dt>f</dt>
  <data>
    -7.45927612e+02 1.50756580e+03 2.73669946e+03</data></TranslationValues>
</opencv_storage>
