<?xml version="1.0"?>
<opencv_storage>
<CornersAmount>48</CornersAmount>
<Corner_0>
  296 415</Corner_0>
<Corner_1>
  312 416</Corner_1>
<Corner_2>
  325 415</Corner_2>
<Corner_3>
  341 416</Corner_3>
<Corner_4>
  356 416</Corner_4>
<Corner_5>
  370 416</Corner_5>
<Corner_6>
  385 415</Corner_6>
<Corner_7>
  400 416</Corner_7>
<Corner_8>
  295 421</Corner_8>
<Corner_9>
  310 421</Corner_9>
<Corner_10>
  324 421</Corner_10>
<Corner_11>
  342 421</Corner_11>
<Corner_12>
  356 421</Corner_12>
<Corner_13>
  371 421</Corner_13>
<Corner_14>
  387 421</Corner_14>
<Corner_15>
  401 421</Corner_15>
<Corner_16>
  293 427</Corner_16>
<Corner_17>
  309 427</Corner_17>
<Corner_18>
  324 427</Corner_18>
<Corner_19>
  341 427</Corner_19>
<Corner_20>
  356 427</Corner_20>
<Corner_21>
  372 426</Corner_21>
<Corner_22>
  387 426</Corner_22>
<Corner_23>
  402 427</Corner_23>
<Corner_24>
  291 432</Corner_24>
<Corner_25>
  309 433</Corner_25>
<Corner_26>
  324 433</Corner_26>
<Corner_27>
  339 434</Corner_27>
<Corner_28>
  357 434</Corner_28>
<Corner_29>
  372 433</Corner_29>
<Corner_30>
  389 434</Corner_30>
<Corner_31>
  404 433</Corner_31>
<Corner_32>
  290 439</Corner_32>
<Corner_33>
  307 439</Corner_33>
<Corner_34>
  323 439</Corner_34>
<Corner_35>
  339 439</Corner_35>
<Corner_36>
  357 439</Corner_36>
<Corner_37>
  373 440</Corner_37>
<Corner_38>
  390 439</Corner_38>
<Corner_39>
  406 438</Corner_39>
<Corner_40>
  289 445</Corner_40>
<Corner_41>
  306 446</Corner_41>
<Corner_42>
  322 446</Corner_42>
<Corner_43>
  339 447</Corner_43>
<Corner_44>
  357 447</Corner_44>
<Corner_45>
  374 446</Corner_45>
<Corner_46>
  391 446</Corner_46>
<Corner_47>
  408 446</Corner_47>
</opencv_storage>
