<?xml version="1.0"?>
<opencv_storage>
<CornersAmount>48</CornersAmount>
<Corner_0>
  241 356</Corner_0>
<Corner_1>
  257 356</Corner_1>
<Corner_2>
  271 356</Corner_2>
<Corner_3>
  286 356</Corner_3>
<Corner_4>
  301 357</Corner_4>
<Corner_5>
  316 356</Corner_5>
<Corner_6>
  331 356</Corner_6>
<Corner_7>
  347 356</Corner_7>
<Corner_8>
  239 364</Corner_8>
<Corner_9>
  254 363</Corner_9>
<Corner_10>
  270 364</Corner_10>
<Corner_11>
  285 364</Corner_11>
<Corner_12>
  301 365</Corner_12>
<Corner_13>
  317 365</Corner_13>
<Corner_14>
  332 365</Corner_14>
<Corner_15>
  348 365</Corner_15>
<Corner_16>
  238 372</Corner_16>
<Corner_17>
  253 372</Corner_17>
<Corner_18>
  269 372</Corner_18>
<Corner_19>
  285 373</Corner_19>
<Corner_20>
  300 374</Corner_20>
<Corner_21>
  317 374</Corner_21>
<Corner_22>
  332 375</Corner_22>
<Corner_23>
  349 375</Corner_23>
<Corner_24>
  235 381</Corner_24>
<Corner_25>
  251 381</Corner_25>
<Corner_26>
  268 382</Corner_26>
<Corner_27>
  284 382</Corner_27>
<Corner_28>
  300 382</Corner_28>
<Corner_29>
  317 383</Corner_29>
<Corner_30>
  333 384</Corner_30>
<Corner_31>
  349 384</Corner_31>
<Corner_32>
  233 389</Corner_32>
<Corner_33>
  250 390</Corner_33>
<Corner_34>
  266 390</Corner_34>
<Corner_35>
  283 392</Corner_35>
<Corner_36>
  300 393</Corner_36>
<Corner_37>
  317 392</Corner_37>
<Corner_38>
  333 393</Corner_38>
<Corner_39>
  351 393</Corner_39>
<Corner_40>
  231 400</Corner_40>
<Corner_41>
  247 401</Corner_41>
<Corner_42>
  266 401</Corner_42>
<Corner_43>
  282 402</Corner_43>
<Corner_44>
  299 402</Corner_44>
<Corner_45>
  318 402</Corner_45>
<Corner_46>
  334 402</Corner_46>
<Corner_47>
  352 403</Corner_47>
</opencv_storage>
