<?xml version="1.0"?>
<opencv_storage>
<CameraMatrix type_id="opencv-matrix">
  <rows>3</rows>
  <cols>3</cols>
  <dt>f</dt>
  <data>
    4.86234741e+02 0. 3.29982910e+02 0. 4.86612122e+02 2.29514206e+02 0.
    0. 1.</data></CameraMatrix>
<DistortionCoeffs type_id="opencv-matrix">
  <rows>5</rows>
  <cols>1</cols>
  <dt>f</dt>
  <data>
    -3.39805096e-01 1.18878111e-01 9.55985161e-04 -6.93330774e-04
    1.37287739e-03</data></DistortionCoeffs>
<RotationValues type_id="opencv-matrix">
  <rows>3</rows>
  <cols>1</cols>
  <dt>f</dt>
  <data>
    1.18986356e+00 1.23114324e+00 -1.23609674e+00</data></RotationValues>
<TranslationValues type_id="opencv-matrix">
  <rows>3</rows>
  <cols>1</cols>
  <dt>f</dt>
  <data>
    -2.60620239e+02 1.44871631e+03 3.59955981e+03</data></TranslationValues>
</opencv_storage>
