<?xml version="1.0"?>
<opencv_storage>
<CameraMatrix type_id="opencv-matrix">
  <rows>3</rows>
  <cols>3</cols>
  <dt>f</dt>
  <data>
    4.86234741e+02 0. 3.29982910e+02 0. 4.86612122e+02 2.29514206e+02 0.
    0. 1.</data></CameraMatrix>
<DistortionCoeffs type_id="opencv-matrix">
  <rows>5</rows>
  <cols>1</cols>
  <dt>f</dt>
  <data>
    -3.39805096e-01 1.18878111e-01 9.55985161e-04 -6.93330774e-04
    1.37287739e-03</data></DistortionCoeffs>
<RotationValues type_id="opencv-matrix">
  <rows>3</rows>
  <cols>1</cols>
  <dt>f</dt>
  <data>
    1.42553544e+00 1.41167486e+00 -1.00403464e+00</data></RotationValues>
<TranslationValues type_id="opencv-matrix">
  <rows>3</rows>
  <cols>1</cols>
  <dt>f</dt>
  <data>
    -6.78029907e+02 9.57973938e+02 3.59295557e+03</data></TranslationValues>
</opencv_storage>
