<?xml version="1.0"?>
<opencv_storage>
<CornersAmount>48</CornersAmount>
<Corner_0>
  251 362</Corner_0>
<Corner_1>
  260 356</Corner_1>
<Corner_2>
  271 352</Corner_2>
<Corner_3>
  280 344</Corner_3>
<Corner_4>
  290 339</Corner_4>
<Corner_5>
  297 334</Corner_5>
<Corner_6>
  307 330</Corner_6>
<Corner_7>
  312 323</Corner_7>
<Corner_8>
  262 367</Corner_8>
<Corner_9>
  273 361</Corner_9>
<Corner_10>
  281 354</Corner_10>
<Corner_11>
  290 349</Corner_11>
<Corner_12>
  300 343</Corner_12>
<Corner_13>
  308 338</Corner_13>
<Corner_14>
  316 334</Corner_14>
<Corner_15>
  324 328</Corner_15>
<Corner_16>
  273 373</Corner_16>
<Corner_17>
  283 365</Corner_17>
<Corner_18>
  292 360</Corner_18>
<Corner_19>
  301 353</Corner_19>
<Corner_20>
  311 347</Corner_20>
<Corner_21>
  319 342</Corner_21>
<Corner_22>
  327 337</Corner_22>
<Corner_23>
  334 332</Corner_23>
<Corner_24>
  285 375</Corner_24>
<Corner_25>
  294 369</Corner_25>
<Corner_26>
  304 363</Corner_26>
<Corner_27>
  313 357</Corner_27>
<Corner_28>
  321 353</Corner_28>
<Corner_29>
  329 347</Corner_29>
<Corner_30>
  338 340</Corner_30>
<Corner_31>
  346 335</Corner_31>
<Corner_32>
  297 381</Corner_32>
<Corner_33>
  307 373</Corner_33>
<Corner_34>
  316 369</Corner_34>
<Corner_35>
  325 362</Corner_35>
<Corner_36>
  333 356</Corner_36>
<Corner_37>
  342 350</Corner_37>
<Corner_38>
  349 344</Corner_38>
<Corner_39>
  356 338</Corner_39>
<Corner_40>
  310 387</Corner_40>
<Corner_41>
  319 379</Corner_41>
<Corner_42>
  327 374</Corner_42>
<Corner_43>
  337 366</Corner_43>
<Corner_44>
  345 359</Corner_44>
<Corner_45>
  353 354</Corner_45>
<Corner_46>
  360 348</Corner_46>
<Corner_47>
  368 342</Corner_47>
</opencv_storage>
