<?xml version="1.0"?>
<opencv_storage>
<CornersAmount>48</CornersAmount>
<Corner_0>
  231 350</Corner_0>
<Corner_1>
  242 346</Corner_1>
<Corner_2>
  252 343</Corner_2>
<Corner_3>
  262 340</Corner_3>
<Corner_4>
  272 338</Corner_4>
<Corner_5>
  280 335</Corner_5>
<Corner_6>
  288 333</Corner_6>
<Corner_7>
  297 331</Corner_7>
<Corner_8>
  239 353</Corner_8>
<Corner_9>
  251 350</Corner_9>
<Corner_10>
  260 347</Corner_10>
<Corner_11>
  270 344</Corner_11>
<Corner_12>
  279 341</Corner_12>
<Corner_13>
  288 338</Corner_13>
<Corner_14>
  297 336</Corner_14>
<Corner_15>
  306 333</Corner_15>
<Corner_16>
  249 356</Corner_16>
<Corner_17>
  258 353</Corner_17>
<Corner_18>
  269 350</Corner_18>
<Corner_19>
  279 347</Corner_19>
<Corner_20>
  288 343</Corner_20>
<Corner_21>
  297 341</Corner_21>
<Corner_22>
  306 339</Corner_22>
<Corner_23>
  315 335</Corner_23>
<Corner_24>
  257 358</Corner_24>
<Corner_25>
  267 356</Corner_25>
<Corner_26>
  278 353</Corner_26>
<Corner_27>
  287 349</Corner_27>
<Corner_28>
  297 346</Corner_28>
<Corner_29>
  306 344</Corner_29>
<Corner_30>
  315 341</Corner_30>
<Corner_31>
  324 339</Corner_31>
<Corner_32>
  267 364</Corner_32>
<Corner_33>
  278 359</Corner_33>
<Corner_34>
  287 356</Corner_34>
<Corner_35>
  297 353</Corner_35>
<Corner_36>
  307 349</Corner_36>
<Corner_37>
  317 346</Corner_37>
<Corner_38>
  325 344</Corner_38>
<Corner_39>
  333 339</Corner_39>
<Corner_40>
  278 366</Corner_40>
<Corner_41>
  287 363</Corner_41>
<Corner_42>
  297 359</Corner_42>
<Corner_43>
  307 356</Corner_43>
<Corner_44>
  317 352</Corner_44>
<Corner_45>
  325 348</Corner_45>
<Corner_46>
  334 346</Corner_46>
<Corner_47>
  343 342</Corner_47>
</opencv_storage>
