<?xml version="1.0"?>
<opencv_storage>
<CameraMatrix type_id="opencv-matrix">
  <rows>3</rows>
  <cols>3</cols>
  <dt>f</dt>
  <data>
    4.88589539e+02 0. 3.51813110e+02 0. 4.90409149e+02 2.40633545e+02 0.
    0. 1.</data></CameraMatrix>
<DistortionCoeffs type_id="opencv-matrix">
  <rows>5</rows>
  <cols>1</cols>
  <dt>f</dt>
  <data>
    -3.81467134e-01 2.21277326e-01 1.47362633e-04 -2.17542308e-03
    -8.46295133e-02</data></DistortionCoeffs>
<RotationValues type_id="opencv-matrix">
  <rows>3</rows>
  <cols>1</cols>
  <dt>f</dt>
  <data>
    1.60506368e+00 5.68723083e-01 -5.02004623e-01</data></RotationValues>
<TranslationValues type_id="opencv-matrix">
  <rows>3</rows>
  <cols>1</cols>
  <dt>f</dt>
  <data>
    -1.03180469e+03 9.31054260e+02 4.02194849e+03</data></TranslationValues>
</opencv_storage>
